200 500
57 50
56 144
117 8
31 44
198 66
3 176
69 28
16 152
48 172
51 112
129 173
149 162
30 100
77 128
154 121
70 68
148 195
64 20
39 97
96 81
196 183
164 23
63 194
161 199
6 176
41 135
10 191
102 196
32 188
31 51
185 179
34 138
147 133
186 49
120 172
8 155
11 134
168 36
75 42
95 167
15 148
77 48
51 5
58 72
22 178
53 142
178 128
22 148
178 57
21 129
143 163
139 117
76 112
185 158
140 91
58 83
82 52
86 111
7 4
170 85
111 59
6 196
59 33
45 14
7 56
135 7
151 169
118 36
69 59
168 155
121 22
187 6
48 28
56 172
167 49
115 20
71 105
124 114
195 108
37 80
79 32
18 17
146 90
43 160
66 55
154 179
177 105
8 150
32 115
124 60
25 13
117 68
148 104
7 92
15 44
177 37
31 134
40 150
60 73
90 9
128 177
83 181
34 39
174 185
200 96
33 145
99 85
77 93
146 35
42 107
164 137
74 176
55 130
141 48
83 66
89 27
98 118
196 184
10 90
200 187
172 193
3 160
45 121
106 121
84 137
54 70
80 18
130 186
140 85
72 56
134 39
138 42
154 73
172 19
7 82
95 82
109 68
142 56
114 145
200 136
20 4
87 60
83 4
53 67
167 68
42 184
30 95
9 108
130 112
94 85
121 133
113 32
1 49
52 171
23 66
139 20
88 151
172 183
101 23
68 127
115 181
46 139
4 169
47 130
124 106
200 149
76 197
135 126
35 51
100 195
66 47
86 42
32 117
33 121
193 140
125 63
101 143
187 168
191 63
198 46
49 143
21 154
65 176
10 187
128 169
28 83
130 135
72 45
60 14
136 49
157 90
75 4
62 149
80 73
127 12
53 138
103 176
100 98
7 130
180 3
8 160
42 44
20 128
66 182
6 80
97 159
94 78
150 145
23 105
19 57
105 88
3 32
142 135
39 71
2 87
54 178
96 200
42 156
112 107
27 123
6 75
39 187
86 174
111 146
134 54
67 81
75 173
130 199
109 33
32 86
9 116
166 161
115 145
150 111
127 145
106 79
96 80
18 115
75 153
178 1
128 55
57 165
26 66
32 145
122 147
140 163
198 183
180 105
197 150
33 75
159 192
144 75
40 3
56 157
186 110
31 19
186 72
49 121
118 189
44 158
59 41
111 186
82 3
123 52
174 167
147 105
64 142
124 156
45 91
58 197
181 159
192 197
6 26
143 48
185 99
178 13
170 126
132 168
69 171
162 65
56 121
122 42
30 159
1 60
34 194
34 91
183 115
64 187
29 49
124 113
145 103
136 76
163 116
167 135
170 121
111 65
157 22
11 93
137 112
195 115
110 46
117 49
175 45
88 198
97 136
15 7
21 179
69 105
162 159
148 85
190 148
71 103
72 126
85 176
118 134
120 62
179 137
162 83
79 84
130 136
181 60
164 196
40 74
145 148
65 70
128 123
163 54
185 5
131 65
85 200
180 107
108 51
112 54
109 50
33 73
175 100
19 156
38 200
177 156
31 59
38 162
57 150
95 129
37 165
61 168
100 58
80 160
76 138
134 177
45 191
195 58
191 171
101 5
151 113
121 88
83 57
9 179
74 72
125 92
29 167
24 199
95 45
126 82
17 102
158 181
182 115
33 52
92 19
45 6
60 34
197 119
194 27
156 37
177 104
126 63
197 34
193 66
163 128
181 118
46 141
43 125
137 127
116 5
25 66
3 186
79 86
195 11
74 46
39 138
53 199
45 170
112 82
160 29
41 90
81 51
118 88
180 117
43 92
127 154
101 147
200 51
9 75
20 179
125 132
68 129
70 110
177 9
85 40
25 109
65 198
115 87
17 174
37 163
1 99
161 154
174 4
187 44
112 194
7 196
105 190
28 27
164 159
158 90
20 160
58 43
36 195
42 185
12 178
8 146
158 50
169 179
139 134
28 18
87 115
187 146
188 28
78 6
135 69
38 113
144 83
52 91
127 103
13 164
85 157
24 109
64 196
78 125
71 47
95 50
145 169
22 90
28 105
146 39
18 83
75 185
189 26
139 12
60 68
188 113
197 177
7 13
21 131
192 106
148 165
119 185
54 66
63 36
96 17
53 126
182 41
23 117
114 161
66 112
30 122
135 192
94 110
3 20
151 116
136 126
9 164
32 200
86 67
33 181
66 157
19 134
180 149
120 47
115 89
184 45
196 117
115 127
191 70
140 174
157 76
183 90
74 128
34 197
16 115
200 165
4 30